10000 
200 
25 97
56 8
74 74
88 98
1 1
95 93
34 42
66 85
8 72
29 67
54 100
92 45
65 3
26 17
12 25
11 35
53 81
64 63
92 54
91 39
55 89
68 64
23 20
34 50
45 37
32 69
26 58
55 58
98 92
66 92
98 48
89 50
54 17
100 68
77 47
99 14
29 18
31 97
29 17
94 47
91 95
17 88
8 32
18 59
68 100
85 74
59 42
62 94
43 91
70 2
84 13
15 20
36 48
22 33
58 77
26 12
52 48
90 12
15 92
39 38
32 20
80 68
69 78
91 68
27 57
32 65
19 39
88 67
96 92
25 9
66 27
49 8
24 4
7 72
8 5
40 35
27 65
41 83
92 51
48 45
61 13
62 81
1 17
45 9
96 19
36 75
89 33
23 12
53 25
49 64
99 26
17 47
78 1
44 4
89 92
33 1
71 73
66 12
98 68
66 64
29 72
64 87
28 86
51 46
21 47
43 24
88 25
43 26
60 22
81 29
7 97
37 69
68 73
92 62
50 33
13 65
70 1
35 58
31 82
86 99
61 56
38 55
49 44
52 4
41 2
93 67
69 16
21 30
3 18
74 12
79 4
15 23
59 47
17 19
67 97
16 41
100 62
60 99
98 88
24 65
67 69
12 86
46 80
70 44
23 79
21 88
28 6
32 62
82 44
84 74
44 15
86 52
22 43
85 88
63 20
8 44
53 67
49 7
71 26
25 8
46 43
12 61
83 29
13 6
47 33
25 96
39 89
47 9
82 92
10 36
93 69
16 21
75 71
35 65
40 69
70 9
67 26
80 51
53 8
31 15
75 60
89 70
58 56
82 40
49 86
78 75
71 69
92 84
6 34
90 32
80 39
60 48
66 91
40 83
49 76
2 14
22 18
28 42
95 31
33 90
